   模型-解释策略-scorelimit       score    准确率   F1     MAP
lstm-integrated_gradient-0.05 : 0.57136 0.73755 0.4777  0.59251
lstm-integrated_gradient-0.06 : 0.5635	0.73755	0.4657	0.58507
